gata @ nprocs=2048, n=8  (116 (b,r) combos)
    b      r   reps     median(ms)         lo(ms)         hi(ms)        raw min        raw max   dropped
------------------------------------------------------------------------------------------------------------------------
    1      2     18        1.52631         1.4915        1.57806         1.4915        1.69261         2 *
    1      4     18        1.86194        1.84757        1.91241        1.80231        1.93073         2
    2      4     18        1.72036        1.68092        1.76869        1.68092        7.29362         1
    3      4     18        1.56785        1.53337        1.59011        1.53337        1.64847         1
    1      6     18        2.66118        2.62745        2.69578        2.62745        2.72906         1
    2      6     18        2.53342         2.4783        2.61779         2.4783        2.61779         0
    4      6     18        2.42275        2.36717        2.46937        2.36717        2.46937         0
    5      6     18        2.51462        2.48174        2.53319        2.48174        2.68857         2
    1      8     18        3.65602        3.62367        3.73073        3.62367        8.99172         1
    2      8     18        2.32265        2.28607        2.35252        2.28607        2.43323         1
    4      8     18        2.30613        2.25983        2.34529        2.25983         2.4933         3
    7      8     18        2.34779         2.3107        2.41789         2.3107        2.41789         0
    1     12     18        3.77119         3.7158        3.83813         3.7158        3.91381         1
    2     12     18        3.33712        3.29516        3.39038        3.29516        3.47858         1
    4     12     18        3.18982        3.16199        3.22863        3.16199         3.2687         1
    8     12     18        3.37451        3.32477        3.46847        3.32477        3.46847         0
   11     12     18        3.42734        3.33982        3.47837        3.33982        3.47837         0
    1     16     18        6.95435        6.86477        7.10278        6.86477        7.10278         0
    2     16     18        3.62411        3.58084        3.71409        3.58084        3.71409         0
    4     16     18        3.48705        3.45525        3.54026        3.45525        3.84483         1
    8     16     18        3.93761        3.88876        4.00594        3.88876        4.00594         0
   15     16     18        4.58587         4.5181         4.7106         4.5181        4.78186         1
    1     23     18        6.95127        6.86789        7.00203        6.86789        7.13608         1
    2     23     18        4.76281        4.67229        4.84985        4.67229        4.84985         0
    4     23     18        4.48749        4.42066        4.53963        4.42066        4.53963         0
    8     23     18        4.50786        4.46854        4.58065        4.46854        4.69136         2
   16     23     18        4.82832        4.79471        4.89099        4.75957         10.337         3
   22     23     18        4.97647        4.90608        5.04441        4.90608        5.14067         1
    1     35     18        7.83022        7.71322        7.98398        7.71322        9.86997         2
    2     35     18        5.29183        5.20671        5.56389        5.20671        5.56389         0
    4     35     18        4.57669        4.52767        4.65902        4.52767        4.72156         1
    8     35     18        4.74653        4.67549        4.78872        4.67549        4.86262         1
   16     35     18        4.65186        4.61869        4.73056        4.61869        4.73056         0
   32     35     18        4.80963        4.71956        4.85221        4.71956        4.85221         0
   34     35     18        5.57912        5.49335        5.62622        5.49335        8.64652         1
    1     45     18        8.28134        8.13352        8.39163        8.13352        13.6059         3
    2     45     18        4.98192        4.89736        5.12881        4.89736        5.12881         0
    4     45     18        4.15967        4.11762        4.21924        4.11762        9.91624         2
    8     45     18        4.01537        3.95313        4.06673        3.95313        4.06673         0
   16     45     18        3.79353        3.73777        3.89568        3.73777        3.89568         0
   32     45     18        4.12328        4.05865         4.2395        4.05865         4.2395         0
   44     45     18        4.87427        4.74662         4.9671        4.74662         10.083         1
    1     64     18        10.1776        10.0457        10.3148        10.0457        10.3148         0
    2     64     18        4.79119        4.72663        4.98189        4.72663        4.98189         0
    4     64     18        4.09114        4.02331        4.13965        4.02331        4.13965         0
    8     64     18        3.98849        3.94174        4.07581        3.94174        4.07581         0
   16     64     18        4.20442        4.08232        4.27197        4.08232        4.27197         0
   32     64     18        4.64703        4.58055        4.71737        4.58055        4.71737         0
   63     64     18        5.60704        5.41147        5.66671        5.41147        5.66671         0
    1     96     18        14.3663        14.1808        14.6094        14.1808        19.9245         2
    2     96     18        7.19662        7.12305        7.31359        7.12305        7.31359         0
    4     96     18        6.16448        6.09021        6.21287        6.09021        6.64262         1
    8     96     18        5.62451        5.56201        5.76314        5.56201        5.76314         0
   16     96     18         5.6744        5.59889        5.76403        5.59889        10.1471         2
   32     96     18        6.44391        6.38459        6.51188        6.38459        6.51188         0
   64     96     18        7.63823        7.54088        7.71518        7.54088        31.3217         1
   95     96     18        7.41282        7.36009         7.5265        7.36009        170.909         1
    1    128     18        13.2587        13.1508        13.4574        12.9597        13.4574         1
    2    128     18        7.57899        7.44625        7.72662        7.44625        7.86233         2
    4    128     18        6.40529        6.28483        6.47195        6.28483        6.47195         0
    8    128     18         6.0978        6.03411        6.18946        6.03411        6.22358         1
   16    128     18        6.35949        6.29241        6.43315        6.29241        6.48953         1
   32    128     18        7.16211        7.08932        7.22071        7.04738        7.49445         2
   64    128     18        7.99689        7.94435         8.0347        7.94435         8.0347         0
  127    128     18        8.80476        8.66719        8.95185        8.66719        9.06236         2
    1    196     18        16.2148        15.9263        16.4282        15.9263        21.9324         1
    2    196     18        9.51318        9.44023        9.65555        9.44023        9.65555         0
    4    196     18        7.69466        7.64231        7.80399        7.64231         8.0695         1
    8    196     18        6.62481        6.58637         6.6761        6.58637        7.00027         2
   16    196     18         6.2338        6.20033        6.28415        6.20033        6.35264         1
   32    196     18        5.98539        5.93432        6.03393        5.93432        6.16061         1
   64    196     18        6.39038        6.32343        6.48596        6.32343        6.54426         1
  128    196     18        7.24756        7.19936        7.32885        7.19936        7.32885         0
  195    196     18        7.55071        7.46343        7.82472        7.46343        7.82472         0
    1    256     18        15.0905        14.8973        15.5458        14.8973         20.788         2
    2    256     18        8.60418        8.47805        8.91719        8.47805        8.91719         0
    4    256     18        6.49467        6.37661        6.63826        6.37661        10.7949         1
    8    256     18        5.45372        5.38563         5.5842        5.38563         5.5842         0
   16    256     18        5.14836        5.08874        5.18755        5.08874        5.26447         2
   32    256     18        5.00662        4.94986        5.09154        4.94986        6.61536         1
   64    256     18        5.27127        5.23954        5.35556        5.23954        5.35556         0
  128    256     18        5.98472        5.91995        6.10635        5.91995        6.27278         1
  255    256     18        6.86864        6.79471        7.00103        6.79471        7.00706         1
    1    512     18        22.7451        22.3999        22.9537        22.3999        23.7352         1
    2    512     18        12.4255        12.2917        12.7715        12.2917        13.2078         2
    4    512     18         8.1157        7.97955        8.36409        7.97955        8.36409         0
    8    512     18        5.98075        5.89426        6.19139        5.89426        6.71717         1
   16    512     18        4.70636        4.61282        4.84078        4.61282        4.97243         2
   32    512     18        4.30497        4.23498        4.62087        4.23498        4.82978         1
   64    512     18        4.21352        4.07265        4.59589        4.07265        9.79317         1
  128    512     18         4.3905         4.2817        4.60886         4.2817        9.96845         2
  256    512     18        5.02555        4.79974        5.15491        4.79974        5.15491         0
  511    512     18        5.62295        5.42982        5.83518        5.42982        5.83518         0
    1   1024     18        35.3897        34.9414        35.7354        34.9414        41.1904         2
    2   1024     18        17.6333        17.4122        18.2278        17.4122        18.2278         0
    4   1024     18        9.87868        9.71635        10.0444        9.71635        15.6319         1
    8   1024     18        6.05489          5.932        6.20563          5.932        6.45017         2
   16   1024     18        4.29098         4.1679        4.54752         4.1679        5.07979         2
   32   1024     18        3.32888        3.24441        3.80273        3.24441        4.27477         1
   64   1024     18         2.9512        2.81724        3.06975        2.81724        3.58046         2
  128   1024     18        2.79721        2.69643         3.1345        2.69643        3.28968         1
  256   1024     18        2.71896        2.63761        2.91271        2.63761        2.91271         0
  512   1024     18        2.62206        2.51535        2.82913        2.51535        2.98583         1
 1023   1024     18        2.62017        2.60159        2.66675        2.55808        3.07721         3
    1   2048     18        59.0686        58.6273        59.9389        58.6273        65.3629         1
    2   2048     18        29.7017        29.3525        30.1097        29.3525         35.396         2
    4   2048     18        15.7424        15.5597        16.2124        15.5597        16.2124         0
    8   2048     18         8.9479         8.6593        9.42661         8.6593        9.42661         0
   16   2048     18        5.60881        5.41809        5.94194        5.41809        6.81812         2
   32   2048     18        4.02441        3.88837        4.07427        3.83523        4.94274         4
   64   2048     18        3.33137        3.08127        3.62684        3.08127         4.2508         1
  128   2048     18        3.08559        2.89638        3.23411        2.89638        3.81279         3
  256   2048     18        2.95838        2.85361        3.09307        2.85361        8.53096         3
  512   2048     18        2.89595        2.81196        2.99314        2.81196        3.18331         2
 1024   2048     18        5.67344        2.84171        11.6499        2.84171        11.6499         0
 2047   2048     18        3.32045        3.02069        8.18387        3.02069        8.18387         0

best (lowest median): b=1, r=2, median=1.52631 ms
